%YAML:1.0
---
R: !!opencv-matrix
   rows: 3
   cols: 3
   dt: d
   data: [ 9.9997943815498591e-01, -7.8835110193863284e-04,
       -6.3641000761204504e-03, 8.7517561172400983e-04,
       9.9990642928049178e-01, 1.3651620826315719e-02,
       6.3527423123756312e-03, -1.3656909828981288e-02,
       9.9988655930512216e-01 ]
T: !!opencv-matrix
   rows: 3
   cols: 1
   dt: d
   data: [ -7.9114733647697388e-02, 3.3107520498195823e-04,
       2.0690543546463790e-03 ]
reprojection_error: 4.2328917135870742e-01
orientation: vertical
calibration_time: "2023-06-12 10:10:50"
