%YAML:1.0
---
M: !!opencv-matrix
   rows: 3
   cols: 3
   dt: d
   data: [ 2.7898674972689298e+02, 0., 3.2439399401319042e+02, 0.,
       2.7813696169066793e+02, 2.1423300978061295e+02, 0., 0., 1. ]
D: !!opencv-matrix
   rows: 4
   cols: 1
   dt: d
   data: [ -1.1315262860711266e-02, 9.5051700182819596e-03, 0., 0. ]
reprojection_error: 4.1589360415501603e-01
width: 640
height: 480
distortion_model: fisheye
calibration_time: "2023-06-12 10:17:59"
