%YAML:1.0
---
M1: !!opencv-matrix
   rows: 3
   cols: 3
   dt: d
   data: [ 4.9714471682507093e+02, 0., 3.1290179764308743e+02, 0.,
       4.9588495790894200e+02, 2.3693068645342922e+02, 0., 0., 1. ]
D1: !!opencv-matrix
   rows: 5
   cols: 1
   dt: d
   data: [ -1.7282216191201846e-01, 6.6832435818513211e-02,
       1.4766786091766346e-03, 1.3505355633670394e-04, 0. ]
reprojection_error1: 3.2702724527288324e-01
M2: !!opencv-matrix
   rows: 3
   cols: 3
   dt: d
   data: [ 5.0311733796298921e+02, 0., 3.0672194839003970e+02, 0.,
       5.0172075902833888e+02, 2.3345908503305512e+02, 0., 0., 1. ]
D2: !!opencv-matrix
   rows: 5
   cols: 1
   dt: d
   data: [ -1.5826340803359007e-01, 6.7119581796421995e-02,
       -1.8859596883374886e-03, -1.0340148062657373e-03, 0. ]
reprojection_error2: 3.4345724102529279e-01
width: 640
height: 480
distortion_model: plumb_bob
calibration_time: "2023-06-12 10:10:50"
